  0.04947390  -0.51690280
  0.94459811  -0.02257195
  1.83972231  -0.01658015
  2.73484652  -0.01145468
  3.62997072   0.00036029
  4.52509493   0.00162354
  5.42021914   0.00388941
  6.31534334   0.00022150
  7.21046755   0.00117875
  8.10559175  -0.00393152
  9.00071596  -0.00503969
  9.89584017   0.00005621
 10.79096437  -0.00135648
 11.68608858   0.00143653
 12.58121278  -0.00187831
 13.47633699  -0.00138667
 14.37146120  -0.00247277
 15.26658540  -0.00033826
 16.16170961  -0.00168627
 17.05683381  -0.00089193
 17.95195802   0.00032737
